9.470 
9.080 
8.650 
8.800 
9.700 
10.200 
10.990 
11.990 
2.800 
2.750 
2.400 
1.970 
2.000 
1.480 
0.990 
0.850 
0.800 
0.850 
0.950 
1.050 
1.310 
1.610 
1.970 
2.050 
1.580 
1.820 
1.770 
1.400 
1.020 
1.050 
1.160 
1.140 
1.120 
1.190 
1.210 
1.160 
1.120 
1.110 
1.070 
1.040 
1.010 
0.950 
1.070 
1.030 
1.030 
1.100 
1.090 
1.070 
1.040 
1.050 
1.020 
1.040 
1.050 
1.060 
1.190 
1.140 
1.070 
1.030 
1.030 
1.000 
1.010 
1.010 
1.000 
1.010 
1.010 
1.000 
1.000 
1.020 
1.010 
1.030 
1.260 
1.140 
1.130 
1.160 
1.130 
1.110 
1.120 
1.110 
1.060 
1.040 
1.050 
1.040 
1.040 
1.050 
1.060 
1.080 
1.090 
1.130 
1.120 
1.090 
1.120 
1.130 
1.060 
1.070 
1.120 
1.110 
1.120 
1.120 
1.110 
1.100 
1.090 
1.100 
1.080 
1.080 
